# Camera list with one line of data per camera:
#   CAMERA_ID, MODEL, WIDTH, HEIGHT, PARAMS[]
# Number of cameras: 119
1 SIMPLE_RADIAL 1280 720 1083.96 640 360 -0.359696
2 SIMPLE_RADIAL 1280 720 1087.47 640 360 -0.362423
3 SIMPLE_RADIAL 1280 720 1092.68 640 360 -0.366241
4 SIMPLE_RADIAL 1280 720 1093.49 640 360 -0.365771
5 SIMPLE_RADIAL 1280 720 1094.18 640 360 -0.366108
6 SIMPLE_RADIAL 1280 720 1096.96 640 360 -0.368129
7 SIMPLE_RADIAL 1280 720 1025.33 640 360 -0.3009
8 SIMPLE_RADIAL 1280 720 1098.56 640 360 -0.368523
9 SIMPLE_RADIAL 1280 720 1108.43 640 360 -0.376148
10 SIMPLE_RADIAL 1280 720 1118.8 640 360 -0.381961
11 SIMPLE_RADIAL 1280 720 1127.5 640 360 -0.383825
12 SIMPLE_RADIAL 1280 720 1142.04 640 360 -0.393445
13 SIMPLE_RADIAL 1280 720 1138.91 640 360 -0.389908
14 SIMPLE_RADIAL 1280 720 1138.01 640 360 -0.383951
15 SIMPLE_RADIAL 1280 720 1141.72 640 360 -0.385228
16 SIMPLE_RADIAL 1280 720 1149.98 640 360 -0.391006
17 SIMPLE_RADIAL 1280 720 1021.72 640 360 -0.294585
18 SIMPLE_RADIAL 1280 720 1147.89 640 360 -0.390094
19 SIMPLE_RADIAL 1280 720 1144.17 640 360 -0.386636
20 SIMPLE_RADIAL 1280 720 1026.64 640 360 -0.301729
21 SIMPLE_RADIAL 1280 720 1136.03 640 360 -0.379838
22 SIMPLE_RADIAL 1280 720 1140.11 640 360 -0.381886
23 SIMPLE_RADIAL 1280 720 1142.46 640 360 -0.383038
24 SIMPLE_RADIAL 1280 720 1149.62 640 360 -0.388186
25 SIMPLE_RADIAL 1280 720 1141.42 640 360 -0.384253
26 SIMPLE_RADIAL 1280 720 1120.56 640 360 -0.37036
27 SIMPLE_RADIAL 1280 720 1115.88 640 360 -0.369953
28 SIMPLE_RADIAL 1280 720 1115.08 640 360 -0.370062
29 SIMPLE_RADIAL 1280 720 1108.51 640 360 -0.368372
30 SIMPLE_RADIAL 1280 720 1113.61 640 360 -0.372197
31 SIMPLE_RADIAL 1280 720 1116.77 640 360 -0.373345
32 SIMPLE_RADIAL 1280 720 1120.02 640 360 -0.37658
33 SIMPLE_RADIAL 1280 720 1024.92 640 360 -0.300423
34 SIMPLE_RADIAL 1280 720 1121.77 640 360 -0.37747
35 SIMPLE_RADIAL 1280 720 1120.62 640 360 -0.376362
36 SIMPLE_RADIAL 1280 720 1117.5 640 360 -0.374836
37 SIMPLE_RADIAL 1280 720 1115.08 640 360 -0.373962
38 SIMPLE_RADIAL 1280 720 1109.12 640 360 -0.373381
39 SIMPLE_RADIAL 1280 720 1106.47 640 360 -0.371738
40 SIMPLE_RADIAL 1280 720 1025.04 640 360 -0.302021
41 SIMPLE_RADIAL 1280 720 1108.4 640 360 -0.372482
42 SIMPLE_RADIAL 1280 720 1110.57 640 360 -0.369571
43 SIMPLE_RADIAL 1280 720 1109.48 640 360 -0.367631
44 SIMPLE_RADIAL 1280 720 1105.46 640 360 -0.367486
45 SIMPLE_RADIAL 1280 720 1101.58 640 360 -0.365057
46 SIMPLE_RADIAL 1280 720 1098.25 640 360 -0.362605
47 SIMPLE_RADIAL 1280 720 1094.57 640 360 -0.358722
48 SIMPLE_RADIAL 1280 720 1090.54 640 360 -0.349991
49 SIMPLE_RADIAL 1280 720 1094.31 640 360 -0.352878
50 SIMPLE_RADIAL 1280 720 1104.61 640 360 -0.358512
51 SIMPLE_RADIAL 1280 720 1115.65 640 360 -0.363881
52 SIMPLE_RADIAL 1280 720 1122.41 640 360 -0.368517
53 SIMPLE_RADIAL 1280 720 1127.04 640 360 -0.369042
54 SIMPLE_RADIAL 1280 720 1028.12 640 360 -0.305292
55 SIMPLE_RADIAL 1280 720 1127.35 640 360 -0.368999
56 SIMPLE_RADIAL 1280 720 1126.61 640 360 -0.366864
57 SIMPLE_RADIAL 1280 720 1126.18 640 360 -0.362999
58 SIMPLE_RADIAL 1280 720 1122.02 640 360 -0.358592
59 SIMPLE_RADIAL 1280 720 1119.18 640 360 -0.355294
60 SIMPLE_RADIAL 1280 720 1116.55 640 360 -0.351045
61 SIMPLE_RADIAL 1280 720 1115.43 640 360 -0.349351
62 SIMPLE_RADIAL 1280 720 1027.06 640 360 -0.305361
63 SIMPLE_RADIAL 1280 720 1111.57 640 360 -0.342324
64 SIMPLE_RADIAL 1280 720 1108.46 640 360 -0.336064
65 SIMPLE_RADIAL 1280 720 1103.06 640 360 -0.328033
66 SIMPLE_RADIAL 1280 720 1098.35 640 360 -0.321196
67 SIMPLE_RADIAL 1280 720 1094.04 640 360 -0.318127
68 SIMPLE_RADIAL 1280 720 1093.82 640 360 -0.315214
69 SIMPLE_RADIAL 1280 720 1091.62 640 360 -0.312981
70 SIMPLE_RADIAL 1280 720 1089.14 640 360 -0.312691
71 SIMPLE_RADIAL 1280 720 1086.88 640 360 -0.312358
72 SIMPLE_RADIAL 1280 720 1084.24 640 360 -0.312014
73 SIMPLE_RADIAL 1280 720 1086.25 640 360 -0.311637
74 SIMPLE_RADIAL 1280 720 1086.75 640 360 -0.309418
75 SIMPLE_RADIAL 1280 720 1084.41 640 360 -0.306126
76 SIMPLE_RADIAL 1280 720 1082.96 640 360 -0.303361
77 SIMPLE_RADIAL 1280 720 1082.17 640 360 -0.300608
78 SIMPLE_RADIAL 1280 720 1027.74 640 360 -0.304595
79 SIMPLE_RADIAL 1280 720 1079.26 640 360 -0.302193
80 SIMPLE_RADIAL 1280 720 1080.94 640 360 -0.304417
81 SIMPLE_RADIAL 1280 720 1080.61 640 360 -0.304132
82 SIMPLE_RADIAL 1280 720 1079.47 640 360 -0.303882
83 SIMPLE_RADIAL 1280 720 1079 640 360 -0.303968
84 SIMPLE_RADIAL 1280 720 1032.44 640 360 -0.30538
85 SIMPLE_RADIAL 1280 720 1080.48 640 360 -0.304859
86 SIMPLE_RADIAL 1280 720 1079.16 640 360 -0.304323
87 SIMPLE_RADIAL 1280 720 1079.7 640 360 -0.303964
88 SIMPLE_RADIAL 1280 720 1081 640 360 -0.305323
89 SIMPLE_RADIAL 1280 720 1080.14 640 360 -0.304923
90 SIMPLE_RADIAL 1280 720 1081.58 640 360 -0.30551
91 SIMPLE_RADIAL 1280 720 1034.03 640 360 -0.304313
92 SIMPLE_RADIAL 1280 720 1035.34 640 360 -0.306047
93 SIMPLE_RADIAL 1280 720 1035.82 640 360 -0.307909
94 SIMPLE_RADIAL 1280 720 1030.84 640 360 -0.300271
95 SIMPLE_RADIAL 1280 720 1038.28 640 360 -0.312511
96 SIMPLE_RADIAL 1280 720 1041.32 640 360 -0.314925
97 SIMPLE_RADIAL 1280 720 1039.31 640 360 -0.314057
98 SIMPLE_RADIAL 1280 720 1041.71 640 360 -0.315087
99 SIMPLE_RADIAL 1280 720 1043.7 640 360 -0.316779
100 SIMPLE_RADIAL 1280 720 1047.61 640 360 -0.319875
101 SIMPLE_RADIAL 1280 720 1050.22 640 360 -0.325843
102 SIMPLE_RADIAL 1280 720 1054.42 640 360 -0.329003
103 SIMPLE_RADIAL 1280 720 1056.74 640 360 -0.331747
104 SIMPLE_RADIAL 1280 720 1057.02 640 360 -0.332889
105 SIMPLE_RADIAL 1280 720 1025.57 640 360 -0.298352
106 SIMPLE_RADIAL 1280 720 1060.15 640 360 -0.336401
107 SIMPLE_RADIAL 1280 720 1060.4 640 360 -0.338803
108 SIMPLE_RADIAL 1280 720 1059.73 640 360 -0.339472
109 SIMPLE_RADIAL 1280 720 1057.93 640 360 -0.338893
110 SIMPLE_RADIAL 1280 720 1058.27 640 360 -0.33946
111 SIMPLE_RADIAL 1280 720 1058.9 640 360 -0.340269
112 SIMPLE_RADIAL 1280 720 1062.83 640 360 -0.343557
113 SIMPLE_RADIAL 1280 720 1065.74 640 360 -0.345578
114 SIMPLE_RADIAL 1280 720 1025.65 640 360 -0.301615
115 SIMPLE_RADIAL 1280 720 1025.8 640 360 -0.303663
116 SIMPLE_RADIAL 1280 720 1071.02 640 360 -0.349835
117 SIMPLE_RADIAL 1280 720 1071.73 640 360 -0.350143
118 SIMPLE_RADIAL 1280 720 1074.52 640 360 -0.351914
119 SIMPLE_RADIAL 1280 720 1075.7 640 360 -0.353328
