1222.jpg [687, 501] [427, 502]
1222.jpg [1141, 466] [936, 484]


908.jpg [1244, 441] [1076, 455]
908.jpg [851, 473] [584, 478]




645.jpg [1273, 435] [1115, 448]
645.jpg [903, 466] [636, 472]


2292.jpg [840, 486] [576, 496]


2239.jpg [878, 481] [614, 491]


2501.jpg [706, 498] [447, 501]


1992.jpg [960, 478] [704, 490]
1992.jpg [458, 498] [256, 490]


1937.jpg [970, 475] [714, 488]
1937.jpg [468, 496] [262, 489]


818.jpg [1259, 435] [1097, 447]
818.jpg [878, 464] [611, 468]






1797.jpg [484, 511] [272, 505]
1797.jpg [986, 482] [735, 499]




2153.jpg [924, 482] [663, 494]


1255.jpg [666, 504] [411, 503]
1255.jpg [1126, 468] [919, 485]


1018.jpg [795, 488] [528, 491]
1018.jpg [1210, 453] [1030, 468]




90.jpg [985, 451] [730, 456]


964.jpg [1226, 447] [1051, 462]
964.jpg [822, 480] [554, 485]


1817.jpg [475, 511] [264, 506]
1817.jpg [977, 484] [724, 500]


1054.jpg [780, 490] [514, 492]
1054.jpg [1202, 454] [1018, 470]


2551.jpg [673, 506] [419, 509]


3184.jpg [566, 529] [332, 526]


1172.jpg [721, 495] [459, 496]
1172.jpg [1164, 460] [967, 476]


1107.jpg [1184, 457] [993, 474]
1107.jpg [752, 494] [487, 496]


2101.jpg [939, 479] [678, 491]
2101.jpg [438, 498] [240, 490]


2419.jpg [750, 496] [486, 503]


1276.jpg [647, 509] [392, 509]
1276.jpg [1114, 470] [900, 490]


2453.jpg [736, 498] [474, 502]


1540.jpg [1026, 487] [786, 509]
1540.jpg [530, 526] [301, 523]


1201.jpg [704, 500] [444, 500]
1201.jpg [1152, 464] [953, 481]


1074.jpg [764, 492] [499, 494]
1074.jpg [1192, 455] [1004, 472]




116.jpg [989, 453] [734, 459]


1853.jpg [467, 509] [257, 503]
1853.jpg [969, 483] [715, 499]


358.jpg [983, 455] [725, 462]


2133.jpg [432, 499] [236, 491]
2133.jpg [932, 480] [671, 492]


513.jpg [948, 460] [686, 467]




14.jpg [1002, 447] [747, 453]


393.jpg [975, 454] [717, 461]


1617.jpg [523, 532] [298, 529]
1617.jpg [1021, 491] [776, 514]


2046.jpg [944, 477] [684, 489]
2046.jpg [442, 496] [242, 488]




677.jpg [1268, 436] [1109, 449]
677.jpg [895, 467] [628, 472]


707.jpg [1265, 435] [1104, 448]
707.jpg [889, 466] [622, 471]




199.jpg [986, 444] [731, 451]


2324.jpg [821, 492] [554, 502]


1471.jpg [555, 511] [319, 509]
1471.jpg [1046, 475] [811, 494]


288.jpg [980, 446] [723, 454]


486.jpg [955, 459] [694, 466]


622.jpg [909, 467] [643, 473]


872.jpg [861, 467] [594, 473]
872.jpg [1250, 437] [1083, 450]


1419.jpg [576, 498] [334, 499]
1419.jpg [1061, 461] [832, 481]


2188.jpg [411, 499] [221, 492]
2188.jpg [910, 484] [648, 495]


89.jpg [988, 454] [732, 459]


341.jpg [985, 453] [728, 460]


1761.jpg [996, 486] [747, 504]
1761.jpg [495, 515] [281, 511]


1367.jpg [1082, 468] [860, 486]
1367.jpg [603, 505] [356, 503]


1125.jpg [743, 494] [478, 496]
1125.jpg [1178, 458] [985, 475]


852.jpg [1256, 436] [1091, 448]
852.jpg [871, 466] [604, 470]


1707.jpg [1016, 484] [769, 505]
1707.jpg [517, 520] [297, 516]


426.jpg [967, 453] [708, 460]


1887.jpg [965, 480] [710, 494]
1887.jpg [462, 503] [254, 497]


2406.jpg [288, 510] [131, 500]
2406.jpg [762, 503] [500, 509]


304.jpg [982, 450] [726, 457]




784.jpg [1262, 434] [1100, 446]
784.jpg [883, 464] [616, 468]


546.jpg [937, 461] [675, 468]


998.jpg [810, 483] [542, 487]
998.jpg [1220, 449] [1042, 464]




1396.jpg [1068, 455] [840, 472]
1396.jpg [585, 492] [339, 493]






478.jpg [958, 456] [697, 463]


2222.jpg [395, 501] [209, 493]
2222.jpg [893, 486] [630, 496]




573.jpg [926, 462] [662, 469]




592.jpg [917, 465] [652, 472]


1559.jpg [519, 525] [291, 522]
1559.jpg [1017, 485] [773, 507]


41.jpg [997, 453] [742, 458]


2274.jpg [364, 501] [186, 493]
2274.jpg [859, 486] [594, 496]






1901.jpg [965, 476] [709, 490]
1901.jpg [463, 499] [257, 493]


1153.jpg [733, 495] [468, 496]
1153.jpg [1172, 458] [976, 475]




2374.jpg [784, 501] [520, 509]


2077.jpg [942, 480] [682, 491]


1310.jpg [631, 513] [380, 513]
1310.jpg [1102, 476] [887, 495]


2482.jpg [721, 496] [461, 500]


1652.jpg [1022, 485] [776, 507]


444.jpg [960, 456] [700, 463]


1958.jpg [969, 477] [713, 489]
1958.jpg [468, 496] [262, 489]


1509.jpg [542, 521] [309, 519]
1509.jpg [1037, 482] [797, 504]


1597.jpg [1017, 485] [771, 509]
1597.jpg [518, 526] [292, 524]


147.jpg [991, 448] [736, 454]


761.jpg [1264, 434] [1101, 446]
761.jpg [885, 464] [617, 468]


181.jpg [991, 443] [736, 450]


730.jpg [1263, 435] [1102, 447]
730.jpg [886, 465] [618, 470]


928.jpg [838, 479] [571, 484]
928.jpg [1236, 445] [1065, 460]




2610.jpg [628, 510] [379, 510]


253.jpg [980, 442] [723, 448]


1452.jpg [565, 507] [327, 505]
1452.jpg [1054, 470] [823, 490]


1332.jpg [616, 512] [367, 510]
1332.jpg [1092, 473] [873, 493]


65.jpg [994, 458] [738, 464]


1672.jpg [1019, 485] [772, 506]
1672.jpg [520, 521] [298, 518]


2023.jpg [447, 498] [247, 490]
2023.jpg [949, 479] [692, 490]


1741.jpg [1007, 487] [758, 506]
1741.jpg [507, 520] [290, 516]










235.jpg [983, 445] [726, 452]


2581.jpg [651, 506] [400, 508]