-4.21676 0.666031 8.1044
1.59062 0.612299 8.50238
-0.188565 0.662283 8.48062
1.45801 0.588025 8.22377
-0.232256 0.656122 8.32392
-2.22194 0.656105 8.00713
-4.21676 0.666031 8.1044
-0.232256 0.656122 8.32392
-2.20134 0.695192 8.02109
-4.21616 0.695905 8.03795
1.7784 0.559085 8.48448
-0.207007 0.534714 8.14832
1.79798 0.607329 9.04973
-2.22194 0.656105 8.00713
1.79798 0.607329 9.04973
-0.174322 0.575863 8.06048
-2.15677 0.690981 7.92387
-4.21676 0.666031 8.1044
1.43882 0.623422 8.12057
-0.220484 0.622588 8.27739
-2.20134 0.695192 8.02109
-4.21616 0.695905 8.03795
-4.20897 0.637055 8.1338
1.79798 0.607329 9.04973
-0.174322 0.575863 8.06048
1.79798 0.607329 9.04973
-0.174322 0.575863 8.06048
-4.25611 0.725441 8.14913
-0.188565 0.662283 8.48062
-4.22227 0.703198 8.05389
1.59062 0.612299 8.50238
-0.232256 0.656122 8.32392
-4.21616 0.695905 8.03795
1.43882 0.623422 8.12057
-0.232256 0.656122 8.32392
-2.20134 0.695192 8.02109
-4.22227 0.703198 8.05389
-2.20134 0.695192 8.02109
-4.32937 0.632744 8.09145
-0.220484 0.622588 8.27739
-2.20134 0.695192 8.02109
-4.21616 0.695905 8.03795
1.59062 0.612299 8.50238
-0.232256 0.656122 8.32392
1.7784 0.559085 8.48448
-0.174322 0.575863 8.06048
-4.22227 0.703198 8.05389
1.45801 0.588025 8.22377
-0.232256 0.656122 8.32392
1.43882 0.623422 8.12057
-0.220484 0.622588 8.27739
-2.20134 0.695192 8.02109
1.79798 0.607329 9.04973
-0.220484 0.622588 8.27739
-2.22194 0.656105 8.00713
-4.21676 0.666031 8.1044
1.75481 0.52409 8.48295
-0.174322 0.575863 8.06048
-2.20134 0.695192 8.02109
-4.21676 0.666031 8.1044
1.79798 0.607329 9.04973
-0.220484 0.622588 8.27739
1.73685 0.543455 8.74688
-0.174322 0.575863 8.06048
1.79798 0.607329 9.04973
-0.174322 0.575863 8.06048
-4.21676 0.666031 8.1044
-4.21676 0.666031 8.1044
-2.20134 0.695192 8.02109
-4.21616 0.695905 8.03795
1.43882 0.623422 8.12057
-0.232256 0.656122 8.32392
-4.21616 0.695905 8.03795
-2.22194 0.656105 8.00713
-4.20897 0.637055 8.1338
1.79798 0.607329 9.04973
-0.174322 0.575863 8.06048
-2.20134 0.695192 8.02109
-4.21616 0.695905 8.03795
-2.22194 0.656105 8.00713
-4.21676 0.666031 8.1044
1.79798 0.607329 9.04973
-0.174322 0.575863 8.06048
-2.20134 0.695192 8.02109
-4.21616 0.695905 8.03795
-2.20134 0.695192 8.02109
-2.20134 0.695192 8.02109
-4.21616 0.695905 8.03795
-2.20134 0.695192 8.02109
-4.21676 0.666031 8.1044
1.79798 0.607329 9.04973
-0.174322 0.575863 8.06048
1.79798 0.607329 9.04973
-0.220484 0.622588 8.27739
-2.20134 0.695192 8.02109
-4.21676 0.666031 8.1044
-0.232256 0.656122 8.32392
-2.22194 0.656105 8.00713
-4.21616 0.695905 8.03795
0.745232 0.341974 8.49354
1.73685 0.543455 8.74688
-0.174322 0.575863 8.06048
-2.22194 0.656105 8.00713
1.79798 0.607329 9.04973
-0.174322 0.575863 8.06048
-2.20134 0.695192 8.02109
-4.21616 0.695905 8.03795
-2.20134 0.695192 8.02109
-4.21616 0.695905 8.03795
-2.20134 0.695192 8.02109
-4.21616 0.695905 8.03795
-2.20134 0.695192 8.02109
-4.21616 0.695905 8.03795
1.43882 0.623422 8.12057
-0.188565 0.662283 8.48062
-2.22194 0.656105 8.00713
-4.21676 0.666031 8.1044
-0.174322 0.575863 8.06048
-2.22194 0.656105 8.00713
-4.25172 0.732296 8.18596
1.79798 0.607329 9.04973
-0.174322 0.575863 8.06048
-2.20134 0.695192 8.02109
-4.21616 0.695905 8.03795
-2.20134 0.695192 8.02109
-4.21616 0.695905 8.03795
1.73685 0.543455 8.74688
-2.22194 0.656105 8.00713
1.79798 0.607329 9.04973
-0.174322 0.575863 8.06048
-4.20897 0.637055 8.1338
-2.20134 0.695192 8.02109
-4.21616 0.695905 8.03795
1.43882 0.623422 8.12057
-0.232256 0.656122 8.32392
1.43882 0.623422 8.12057
-0.232256 0.656122 8.32392
-2.22194 0.656105 8.00713
-4.21616 0.695905 8.03795
1.79798 0.607329 9.04973
-0.220484 0.622588 8.27739
-2.22194 0.656105 8.00713
-4.21676 0.666031 8.1044
-2.20134 0.695192 8.02109
-4.21616 0.695905 8.03795
1.79798 0.607329 9.04973
-0.220484 0.622588 8.27739
-2.22194 0.656105 8.00713
-4.21676 0.666031 8.1044
1.73685 0.543455 8.74688
-0.174322 0.575863 8.06048
-4.21616 0.695905 8.03795
1.43882 0.623422 8.12057
-2.20134 0.695192 8.02109
-4.21676 0.666031 8.1044
-2.20134 0.695192 8.02109
-4.21616 0.695905 8.03795
-2.20134 0.695192 8.02109
-4.21676 0.666031 8.1044
1.43882 0.623422 8.12057
-0.220484 0.622588 8.27739
1.73685 0.543455 8.74688
-0.174322 0.575863 8.06048
-2.20134 0.695192 8.02109
-4.21616 0.695905 8.03795
-4.21616 0.695905 8.03795
-2.22194 0.656105 8.00713
-4.20897 0.637055 8.1338
-0.174322 0.575863 8.06048
-2.20134 0.695192 8.02109
-4.21616 0.695905 8.03795
-2.20134 0.695192 8.02109
-4.21616 0.695905 8.03795
-2.15677 0.690981 7.92387
-4.21676 0.666031 8.1044
-0.220484 0.622588 8.27739
1.73685 0.543455 8.74688
-0.174322 0.575863 8.06048
1.79798 0.607329 9.04973
-0.174322 0.575863 8.06048
-2.15677 0.690981 7.92387
-4.22337 0.74378 8.09631
-2.20134 0.695192 8.02109
-4.21616 0.695905 8.03795
1.43882 0.623422 8.12057
-0.232256 0.656122 8.32392
1.75481 0.52409 8.48295
-0.174322 0.575863 8.06048
1.73685 0.543455 8.74688
-0.220484 0.622588 8.27739
1.79798 0.607329 9.04973
-0.174322 0.575863 8.06048
-2.20134 0.695192 8.02109
-4.21616 0.695905 8.03795
1.79798 0.607329 9.04973
-2.22194 0.656105 8.00713
-4.21676 0.666031 8.1044
-4.21676 0.666031 8.1044
1.79798 0.607329 9.04973
-0.174322 0.575863 8.06048
1.79798 0.607329 9.04973
-0.220484 0.622588 8.27739
-2.15677 0.690981 7.92387
-4.21676 0.666031 8.1044
-2.20134 0.695192 8.02109
-4.21616 0.695905 8.03795
-4.21616 0.695905 8.03795
1.43882 0.623422 8.12057
-0.232256 0.656122 8.32392
-2.20134 0.695192 8.02109
-4.21616 0.695905 8.03795
-2.22194 0.656105 8.00713
-4.25611 0.725441 8.14913
1.43882 0.623422 8.12057
-0.232256 0.656122 8.32392
-4.21616 0.695905 8.03795
-4.21676 0.666031 8.1044
-0.174322 0.575863 8.06048
-2.20134 0.695192 8.02109
-4.21616 0.695905 8.03795
1.79798 0.607329 9.04973
-0.220484 0.622588 8.27739
-2.20134 0.695192 8.02109
-4.21676 0.666031 8.1044
-2.22194 0.656105 8.00713
-4.20897 0.637055 8.1338
1.79798 0.607329 9.04973
-0.174322 0.575863 8.06048
1.79798 0.607329 9.04973
-2.20134 0.695192 8.02109
-4.21676 0.666031 8.1044
-2.20134 0.695192 8.02109
