962.484  5.39926  -1
962.484  5.39926  15758  4.37592  -11.7494  30.568
30.8687  7.51007  13714  -32.6326  -17.9396  27.397
30.8687  7.51007  13890  -32.6326  -17.9396  27.397
1098.8  7.53705  -1
1098.8  7.53705  17174  19.1741  -40.6206  106.904
1123.6  9.59835  11623  9.08003  -11.0988  28.9307
926.517  10.8776  -1
926.517  10.8776  13690  3.24837  -11.086  29.0895
930.937  11.542  -1
969.644  11.3446  13265  4.51873  -9.07977  23.862
1060.87  11.5573  -1
1123.53  11.9237  -1
1123.53  11.9237  -1
1216.68  11.5319  12743  10.1126  -8.29604  21.4028
1216.68  11.5319  14412  10.0577  -8.21442  21.202
1080.18  13.9098  15440  7.81936  -11.3182  30.4798
1080.18  13.9098  12236  7.85101  -11.3954  30.6439
18.678  51.2268  -1
1274.97  148.957  -1
1210.34  175.42  -1
1200.73  179.04  -1
1188.84  180.929  -1
686.082  231.482  -1
638.796  237.591  -1
787.901  242.556  13108  0.583935  -3.53202  21.6446
485.459  245.361  13109  0.8864  -1.35792  7.38844
308.315  266.433  -1
921.14  279.369  -1
921.14  279.369  -1
865.63  335.148  13110  2.31622  -1.50072  19.2715
920.549  336.195  -1
920.549  336.195  -1
123.336  345.034  -1
714.529  400.331  -1
714.529  400.331  -1
137.174  449.901  -1
1185.81  475.103  -1
947.278  489.784  -1
970.927  492.917  -1
963.527  494.224  -1
963.527  494.224  -1
916.033  498.972  -1
908.996  501.628  -1
908.996  501.628  -1
111.399  514.825  -1
790.667  518.794  17659  3.01869  0.586867  7.71488
979.617  602.443  -1
989.164  645.993  -1
989.164  645.993  -1
751.023  664.442  -1
1256.16  711.43  -1
1069.75  8.2759  -1
1069.75  8.2759  -1
28.344  9.42805  17877  -37.9989  -20.3059  31.1923
46.489  11.3503  17109  -22.851  -13.1226  21.2769
46.489  11.3503  17505  -26.1491  -14.7245  23.8693
974.906  11.3884  15808  4.68115  -11.0485  29.2694
1081.19  11.4831  14099  7.95365  -11.5987  30.9949
1081.19  11.4831  17285  7.37718  -9.76336  26.0896
1192.18  11.5086  15279  9.65984  -8.54582  22.4913
1200.73  11.4629  12767  9.83429  -8.50742  22.1361
1222.29  11.4385  14104  10.1427  -8.12687  20.9011
30.6334  11.9619  -1
74.7071  11.8422  18279  -18.2857  -11.2677  19.0639
1098.62  11.9406  18349  8.30358  -11.0657  29.0821
1128.61  11.96  -1
1134.23  12.2368  -1
1134.23  12.2368  -1
16.1935  49.3481  -1
14.2161  117.402  9744  -5.78256  -3.53796  7.97805
10.538  119.081  -1
1258.37  138.463  14766  7.06268  -2.45698  9.47727
859.984  215.098  -1
1256.0  237.579  -1
226.603  277.461  -1
921.523  289.612  13141  3.0311  -2.8548  24.4683
921.523  289.612  12748  3.05045  -2.81302  24.0501
27.3955  292.851  -1
1263.16  304.231  -1
1263.16  304.231  14154  7.08304  -1.06617  10.1253
918.011  307.844  -1
918.011  307.844  -1
921.631  313.833  12120  3.02747  -2.32469  24.3181
821.947  318.141  14297  0.937436  -2.19357  23.5227
915.356  337.202  11441  2.86456  -1.8508  24.7193
889.847  342.83  13453  2.35292  -1.68392  24.0323
889.847  342.83  13296  2.31915  -1.70519  24.3288
913.254  344.152  11462  2.78701  -1.70967  24.9424
913.254  344.152  13970  2.81809  -1.67307  24.5106
900.006  346.195  12589  2.54815  -1.60045  24.2199
878.061  356.85  -1
880.564  365.101  13971  2.16266  -1.18989  23.7796
880.564  369.147  -1
1270.61  472.178  -1
247.095  526.19  16946  -0.640751  0.656174  6.57284
1003.93  602.164  -1
760.094  657.638  -1
729.173  692.07  -1
319.656  700.742  13775  -0.221851  1.92796  6.80318
920.038  705.399  -1
1259.32  711.479  -1
1039.47  7.02565  12784  6.61296  -11.6263  30.6789
1105.02  10.004  -1
1114.79  9.92129  -1
1245.98  10.0763  17912  10.2787  -7.4925  18.8121
1256.01  9.93423  -1
1017.45  10.3149  3075  5.99529  -10.9921  29.1908
1135.03  10.1108  16994  9.16134  -10.5984  27.8267
1135.03  10.1108  -1
1167.0  12.7408  -1
1278.09  134.77  -1
1249.45  145.839  -1
1246.58  154.233  -1
1261.24  157.829  -1
1208.08  199.373  13389  6.41467  -1.85541  9.33099
1208.08  199.373  14543  6.44918  -1.89676  9.47409
1140.33  210.147  11253  5.88464  -1.93585  10.2179
1140.33  210.147  13321  5.84606  -1.87691  10.0017
1011.49  210.994  17330  5.0564  -4.22343  22.7148
790.623  240.141  12451  0.58696  -3.65521  21.9728
790.623  240.141  -1
194.692  278.126  13154  -2.30843  -1.36487  7.88416
917.996  289.562  12605  2.93  -2.909  25.0586
925.328  289.582  11179  3.09738  -2.8984  24.9224
112.707  290.258  16051  -4.55526  -1.48646  8.96062
921.915  296.186  11657  3.05396  -2.6351  23.6936
917.889  297.847  11240  2.93783  -2.6927  24.68
917.889  297.847  11460  2.93783  -2.6927  24.68
927.593  308.823  11477  3.16054  -2.40484  24.1758
927.593  308.823  11837  3.15337  -2.43451  24.5019
863.672  320.272  12405  2.29424  -1.76225  19.2323
885.818  334.311  13786  2.27085  -1.87219  24.0785
916.793  340.741  13770  2.93827  -1.70735  23.9413
1122.53  460.343  -1
1122.53  460.343  -1
97.5384  500.385  12015  -4.17213  0.763973  8.36601
232.974  525.817  -1
896.165  595.879  12955  3.70385  1.19651  8.35576
977.64  599.577  13827  4.30546  1.24397  8.35833
763.078  640.114  12435  3.01645  1.22583  6.74146
974.022  670.211  -1
1241.16  717.178  -1
997.42  9.98542  -1
997.42  9.98542  17354  5.40812  -12.266  32.656
1146.06  9.26358  17931  8.52199  -8.65492  22.5226
16.0054  10.3851  -1
67.0672  9.83849  -1
8.03186  145.469  -1
1170.74  186.365  -1
1213.23  198.579  14543  6.44918  -1.89676  9.47409
1213.23  198.579  13389  6.41467  -1.85541  9.33099
1140.28  210.136  11253  5.88464  -1.93585  10.2179
1251.88  211.172  -1
832.866  238.428  14709  1.18788  -3.97043  23.8763
791.414  240.619  12451  0.58696  -3.65521  21.9728
791.414  240.619  12627  0.541442  -3.72374  22.354
793.042  251.243  12791  0.852197  -3.21719  20.7566
202.459  276.208  15548  -2.10289  -1.33465  7.74503
838.357  321.72  12432  1.23089  -2.16109  24.0096
838.357  321.72  16776  1.24356  -2.15023  23.9328
766.52  325.138  13323  -0.191619  -2.04535  23.0529
1264.98  331.064  13482  7.11571  -0.822075  10.2236
91.0765  402.479  13696  -3.86673  -0.256425  8.01713
1266.91  459.41  -1
1147.68  538.611  13990  5.78581  0.952316  9.57562
896.773  591.245  13843  3.70189  1.20138  8.44379
1070.42  592.891  -1
38.1376  597.115  14381  -4.29999  1.75926  7.39117
992.886  600.296  -1
1000.15  627.071  10947  4.44554  1.10471  6.58411
69.699  633.493  -1
68.3612  648.416  10264  -3.09569  1.98743  6.76012
68.3612  648.416  8384  -3.08801  1.99296  6.74169
75.9625  649.349  9100  -2.83683  1.92375  6.61924
404.059  651.05  13831  -0.124327  1.75293  7.90411
74.4464  654.917  9085  -2.96696  2.02094  6.69143
474.549  655.569  -1
500.632  656.482  -1
729.598  656.549  -1
536.194  657.369  -1
750.525  660.089  -1
72.5841  668.296  9063  -2.75039  2.08005  6.46855
72.1845  678.225  11102  -2.61451  2.11671  6.30943
63.6142  693.129  12464  -2.41262  2.16468  5.98276
736.457  698.212  12438  2.99319  1.44461  6.17055
736.457  698.212  12793  2.99998  1.44493  6.13526
713.407  710.445  15271  2.89454  1.49618  6.0482
922.584  11.9195  14326  3.10775  -13.2558  34.9739
1034.7  11.5417  17187  6.45388  -11.3992  30.4642
1052.92  11.7572  10377  6.80585  -10.6831  28.1397
1052.92  11.7572  13169  7.59192  -13.5132  36.2041
1216.35  11.2759  13170  10.0488  -8.20908  21.2107
23.547  71.0097  7410  -5.72036  -4.08835  7.92964
1274.79  121.646  -1
1147.83  194.195  12527  5.95469  -2.05325  10.0691
1117.81  219.187  11109  5.6152  -1.82664  10.0172
1112.58  227.386  15036  5.60281  -1.77937  10.2795
826.911  260.798  -1
826.911  260.798  -1
801.611  262.039  14619  0.464621  -3.45933  23.7547
930.677  283.209  -1
828.738  285.601  17573  1.05238  -2.94478  23.9038
828.738  285.601  16139  1.06432  -2.93877  23.8293
932.541  305.697  -1
38.8771  310.089  9296  -4.33451  -1.1504  7.56514
38.8771  310.089  11299  -4.53769  -1.17986  7.73648
830.497  310.171  13078  1.08003  -2.38223  23.8958
878.581  318.714  15272  2.52082  -1.78836  19.4789
716.464  329.894  13172  2.3  -0.774701  8.54846
716.464  329.894  13173  2.29846  -0.791057  8.54926
871.297  336.358  12037  2.40361  -1.5111  19.396
871.297  336.358  12974  2.40556  -1.49548  19.3568
1213.36  461.363  12632  6.5051  0.349134  10.1189
794.844  611.471  15446  3.15844  1.09563  7.03721
739.219  613.897  13174  2.86979  1.07944  6.8393
1265.41  615.837  13485  5.97911  0.992209  5.88897
785.993  622.038  12615  3.13654  1.14037  6.90151
79.7374  642.293  11128  -2.67179  1.81915  6.53912
28.8673  646.695  -1
28.8673  646.695  8178  -3.52625  2.00764  6.5031
1261.2  647.841  13348  5.92708  1.12496  5.69471
486.235  655.803  13974  0.495458  1.79664  8.17041
91.6819  657.327  -1
91.6819  657.327  9055  -2.64216  1.9713  6.64481
58.4635  661.855  9104  -2.95093  2.0543  6.45063
58.4635  661.855  9103  -2.95012  2.05373  6.44948
74.6396  662.026  10268  -2.83073  2.0454  6.58081
84.5328  663.931  9058  -2.75471  2.06259  6.60308
82.14  670.387  13175  -2.47423  2.01803  6.34851
982.159  674.133  -1
982.159  674.133  -1
33.2423  675.664  10274  -2.86399  2.1124  5.96739
46.9624  675.245  9476  -2.80748  2.11407  6.12377
63.0077  676.118  11309  -2.53218  2.05768  6.08447
58.5285  682.747  11117  -2.64793  2.14941  6.14993
415.383  683.533  9346  0.190089  1.92112  7.54215
741.925  684.765  15259  2.99086  1.38834  6.29239
741.925  684.765  13837  2.98945  1.39264  6.29338
119.665  684.858  11381  -2.13704  2.10094  6.51661
1178.15  688.906  -1
37.129  690.54  11705  -2.53083  2.14617  5.71918
37.129  690.54  -1
695.828  690.37  13239  2.71774  1.45472  6.30151
151.014  691.423  12462  -1.86885  2.11701  6.63768
151.014  691.423  12461  -1.8593  2.11117  6.62728
104.968  692.424  12463  -2.2031  2.15386  6.37566
69.7105  692.548  12978  -2.39747  2.16507  6.07177
1033.21  694.462  12977  4.7221  1.76898  7.57498
43.6912  698.344  13177  -2.18813  2.1073  5.51158
47.6798  698.286  12979  -2.46507  2.20403  5.78416
1021.16  699.222  -1
1222.55  705.224  -1
676.322  709.413  -1
336.942  710.809  12837  -0.17206  2.04506  6.93982
1249.38  710.635  -1
1249.38  710.635  -1
37.5558  714.204  13581  -1.64265  2.04516  4.94454
393.363  714.32  11491  0.342015  2.01782  6.91072
720.539  714.554  12991  2.9433  1.50262  6.00964
720.539  714.554  -1
1064.71  714.439  12041  4.89268  1.75034  6.9226
475.981  715.836  13814  0.890608  2.00833  7.13219
30.5744  9.71797  12823  -28.5711  -15.7936  24.4128
30.5744  9.71797  12302  -26.5504  -14.8487  22.8443
1097.86  9.1593  15688  8.29755  -11.2246  29.6866
1127.68  9.45172  -1
1127.68  9.45172  -1
11.508  143.615  12814  -5.46637  -3.12454  7.75072
1245.78  149.041  13319  6.89213  -2.35654  9.49633
1230.52  151.021  13189  6.77422  -2.35194  9.62997
9.25898  152.892  -1
1240.21  159.089  -1
1144.62  201.92  13385  5.92485  -2.00011  10.1656
1103.96  221.497  15455  5.53379  -1.86119  10.3533
910.34  235.866  15666  2.85045  -4.0062  24.1186
816.398  240.633  12982  0.898532  -3.85901  23.3251
825.98  245.557  12648  1.05603  -3.77273  23.5982
825.98  245.557  13842  1.05603  -3.77273  23.5982
390.759  260.357  11695  -0.159487  -1.35553  7.82875
334.836  260.85  12196  -0.681086  -1.38829  7.77968
1117.63  272.785  -1
1119.86  296.828  13341  5.60046  -1.10461  9.98983
830.85  316.052  -1
1121.53  319.121  12051  5.60306  -0.897994  9.97406
823.46  341.695  12631  0.955871  -1.7096  23.6004
851.857  352.44  -1
907.854  360.977  13192  2.71344  -1.28357  24.0951
1266.77  385.128  -1
1267.27  437.535  13512  7.15229  0.165094  10.3243
1113.5  455.831  12474  5.35484  0.211109  8.61873
336.166  495.402  14057  -0.855133  0.522889  8.09082
789.605  595.618  12179  3.07314  1.03447  7.28473
1063.38  596.21  -1
793.475  604.031  12169  3.13082  1.06792  7.14671
1019.27  608.221  13513  4.56938  1.05937  6.94311
705.99  610.538  12130  2.15938  1.42608  8.79073
782.681  615.334  12656  3.08086  1.12807  7.07337
1027.71  615.472  11278  4.61178  1.06017  6.67539
967.992  616.801  18181  4.25039  1.07476  6.77374
967.992  616.801  10787  4.24993  1.07191  6.75844
1263.45  624.528  -1
983.093  626.419  10970  4.34634  1.10627  6.62294
983.093  626.419  10971  4.34241  1.09884  6.58356
1054.22  630.32  14544  4.79959  1.14344  6.70183
28.6359  638.677  7691  -3.61635  1.97502  6.60412
947.104  638.893  13592  4.13868  1.15471  6.49245
69.9489  640.764  10175  -3.22796  1.94853  6.86813
58.3417  645.167  7958  -3.27182  1.98984  6.74537
973.747  645.026  10775  4.2953  1.17845  6.43581
12.8717  649.62  9145  -3.49998  2.01671  6.23375
12.8717  649.62  9146  -3.48519  2.0117  6.21891
1150.66  651.71  13194  5.6694  1.6567  8.24542
1248.6  652.428  -1
60.5844  653.937  9121  -3.0994  2.0266  6.59986
939.008  653.198  10382  4.08851  1.22346  6.45058
1278.68  655.59  -1
1161.03  658.131  -1
12.1743  658.011  9148  -3.32149  2.04329  6.06604
385.297  662.722  12501  -0.151535  1.81041  7.67325
830.217  666.468  10512  3.48223  1.30608  6.41809
883.527  666.759  12458  3.81013  1.25447  6.20541
13.2156  667.45  9128  -3.17153  2.09194  5.93094
48.9803  668.119  9126  -2.91344  2.08501  6.24896
1260.34  668.722  -1
100.136  669.402  11549  -2.39561  2.01296  6.52193
393.574  675.974  9630  -0.0723163  1.90991  7.64433
16.0077  676.167  11133  -2.96679  2.12159  5.76451
111.031  677.205  9127  -2.36465  2.09659  6.61648
1217.16  677.561  -1
895.955  679.253  12021  3.87535  1.31143  6.16488
1023.4  681.476  -1
37.9636  682.499  11137  -2.71246  2.13463  5.88161
87.1218  684.633  12478  -2.41787  2.12902  6.32434
87.1218  684.633  12987  -2.44265  2.13896  6.36041
105.47  684.302  11136  -2.28577  2.12143  6.4613
156.627  684.238  11134  -1.82744  2.07609  6.66781
72.7841  685.159  12986  -2.33851  2.08628  6.06973
72.7841  685.159  11327  -2.51269  2.14438  6.25009
1228.4  688.989  13195  5.65276  1.23241  5.32349
1228.4  688.989  13196  5.65276  1.23241  5.32349
134.587  691.831  12834  -1.93139  2.10618  6.49105
83.0452  693.154  14012  -2.25709  2.13838  6.11498
64.0248  699.732  12484  -2.26338  2.1744  5.85815
76.2052  700.566  12836  -2.2414  2.18703  5.99747
76.2052  700.566  12659  -2.24491  2.18776  5.9989
146.667  700.071  12835  -1.72977  2.13105  6.42904
1059.13  700.635  11683  4.89401  1.76001  7.32553
959.978  702.01  12476  4.23823  1.35885  5.84679
41.2039  706.716  12988  -2.14105  2.16503  5.42481
4.10664  707.352  -1
74.6887  709.007  13518  -1.19759  1.89097  5.06427
149.111  708.559  12839  -1.6648  2.17626  6.40053
468.754  709.936  12723  0.757644  2.00572  7.31886
700.062  710.788  13338  2.7805  1.53326  6.17806
576.883  713.68  11882  1.56308  1.98391  7.41081
746.138  713.125  11308  3.08005  1.50291  6.0552
983.421  715.269  -1
39.4493  9.65165  -1
39.4493  9.65165  -1
62.1673  29.3235  13582  -4.85741  -4.39188  7.7974
16.6572  89.0303  8598  -5.87794  -3.91459  7.98035
1148.62  192.366  12527  5.95469  -2.05325  10.0691
1145.08  202.437  13385  5.92485  -2.00011  10.1656
1103.01  222.104  13199  5.49695  -1.79185  10.1188
1107.76  259.695  12452  5.56138  -1.50577  10.335
920.632  265.941  11124  3.03447  -3.395  24.4771
827.525  269.981  12494  1.04397  -3.26291  23.7896
827.525  269.981  15711  1.08858  -3.23367  23.5373
930.325  279.056  -1
829.292  298.715  13200  1.09063  -2.66773  23.7233
1239.75  305.894  -1
821.289  310.459  13865  0.947793  -2.34809  23.4511
1121.29  319.316  -1
888.473  326.854  12664  2.59864  -1.81543  21.2709
888.473  326.854  12665  2.66359  -1.69163  19.7986
934.135  332.67  -1
1241.57  331.878  -1
134.854  338.414  13386  -3.10537  -0.84022  7.8848
134.854  338.414  13706  -3.12872  -0.85999  7.91424
880.982  338.211  13534  2.56278  -1.4622  19.7824
880.982  338.211  -1
1123.15  343.126  -1
894.783  353.023  13357  2.43544  -1.46276  24.1233
894.783  353.023  14359  2.37535  -1.50521  24.8089
1242.89  358.372  13358  6.65741  -0.524428  9.38975
1123.62  366.307  12829  5.67386  -0.525934  10.3816
90.7  367.754  11760  -3.75083  -0.585998  7.90028
1243.73  384.568  13359  6.93723  -0.332249  10.4896
1124.56  389.618  -1
153.121  391.845  13392  -2.89875  -0.361204  7.95678
153.121  391.845  13391  -2.90224  -0.364121  7.96343
160.614  403.149  7404  -2.74464  -0.23359  7.89318
160.614  403.149  4575  -2.73718  -0.23905  7.90689
1244.2  410.216  13861  6.80905  -0.0921002  9.94129
1267.75  411.688  -1
705.363  416.487  9139  2.21189  -0.11687  8.53591
1101.48  416.158  13203  5.46919  -0.0747874  10.6024
42.065  485.342  15696  -4.53054  0.610202  7.79238
1142.62  538.505  13361  5.72027  0.948065  9.38854
1127.08  548.621  -1
1080.62  579.893  13204  4.98849  0.953328  7.3496
1052.69  590.29  -1
780.106  604.672  12669  3.0622  1.06764  7.10469
1038.76  613.003  17191  4.68246  1.05147  6.71839
1035.76  622.264  11112  4.67757  1.09609  6.72301
65.9502  622.861  12852  -2.90559  1.70629  6.60707
1262.68  624.698  -1
76.8071  632.785  12853  -2.80958  1.78634  6.65422
14.0762  639.876  10051  -3.72183  1.98671  6.47104
1276.81  645.411  -1
951.329  647.148  10389  4.1636  1.19643  6.49471
951.329  647.148  12671  4.16976  1.19657  6.42431
1161.82  648.273  15046  5.77169  1.65719  8.32302
1150.92  651.93  -1
959.07  655.324  10390  4.22132  1.22173  6.39796
1263.7  656.888  -1
1186.83  660.383  12854  5.80822  1.54097  7.39275
941.471  662.97  10529  4.11679  1.25541  6.3121
964.727  664.418  10776  4.24767  1.24866  6.26745
99.9164  669.088  -1
1158.67  669.246  -1
1218.05  678.039  14893  5.6326  1.22909  5.61126
1023.52  681.544  -1
15.4937  685.188  12479  -2.81904  2.15767  5.61797
921.742  683.623  10806  4.01945  1.3205  6.09593
390.73  686.818  13207  -0.0656925  1.97845  7.59869
86.0414  694.204  -1
1233.96  699.149  -1
588.382  703.934  11524  1.55783  1.96351  7.654
1033.21  704.424  12502  4.71863  1.77235  7.30605
277.94  709.44  12512  -0.345818  1.94978  6.45074
92.7591  710.794  12841  -1.89876  2.17639  5.90031
109.138  709.249  13532  -1.82007  2.1661  6.03763
129.756  709.735  15263  -1.82272  2.20093  6.31529
374.411  710.7  11869  0.174074  2.00767  6.91404
374.411  710.7  -1
468.139  710.235  12723  0.757644  2.00572  7.31886
933.388  711.309  -1
1018.55  709.907  -1
1270.13  710.035  -1
1267.02  10.0872  -1
1267.02  10.0872  -1
52.384  21.5846  -1
23.8556  53.4883  12470  -5.23289  -4.13888  7.4652
23.9176  163.508  -1
1188.38  220.683  11872  6.27114  -1.75452  9.73099
1126.57  221.814  11015  5.74792  -1.81877  10.2202
1218.19  224.985  -1
1198.55  230.298  12998  6.46954  -1.76004  10.2822
1232.66  240.044  13215  6.83983  -1.66784  10.2774
1089.17  250.127  12999  5.38323  -1.60465  10.4301
1221.53  251.109  13000  6.61692  -1.52409  9.91033
393.011  264.225  11695  -0.159487  -1.35553  7.82875
1224.39  276.879  13216  6.53643  -1.21673  9.49141
241.094  281.337  12077  -1.83061  -1.30638  7.98419
570.102  289.613  -1
194.179  294.002  13575  -2.33548  -1.22223  7.91491
441.11  299.45  12078  0.266551  -1.02947  7.88003
1228.63  330.207  -1
707.28  341.205  13001  2.19417  -0.716383  8.65568
842.71  341.012  12505  1.27456  -1.77416  24.301
859.358  339.583  12079  2.21653  -1.4157  19.074
871.335  350.644  15273  2.38258  -1.2502  19.9757
120.802  355.517  18365  -3.31209  -0.69739  7.8872
120.802  355.517  17213  -3.31215  -0.696539  7.8875
1229.79  355.418  -1
884.335  362.208  13535  2.2483  -1.24547  23.7724
1099.55  368.199  -1
1124.93  413.85  17791  5.6925  -0.100789  10.5754
1084.68  419.134  12851  5.322  -0.0541077  10.6703
92.8523  432.685  149  -3.84091  0.0559947  7.99001
1101.9  441.765  13217  5.44107  0.147504  10.3193
140.316  443.283  13074  -3.11739  0.142728  7.96332
1127.19  468.593  13004  5.37512  0.287608  8.08035
332.271  473.518  9317  -0.818241  0.352942  8.00576
1141.73  479.014  -1
1141.73  479.014  -1
502.968  484.247  14034  0.622649  0.406269  8.23724
837.209  484.876  13219  3.29029  0.365553  8.06334
708.713  488.553  14205  2.20729  0.441659  8.59099
404.841  499.234  15471  -0.207007  0.534714  8.14832
695.228  502.351  13572  2.10679  0.55033  8.6024
271.837  506.426  -1
1132.61  564.27  -1
1272.17  571.171  -1
901.05  589.264  -1
1087.01  590.172  13220  5.05812  1.07477  7.67245
761.642  605.077  12508  2.97552  1.04783  6.94868
965.838  605.317  11319  4.23011  1.01062  6.78123
62.7157  610.421  12084  -2.92858  1.57667  6.58799
671.048  612.827  9343  1.9317  1.40332  8.53563
12.8754  628.015  7946  -3.88692  1.91542  6.6183
30.7521  627.364  7552  -3.74685  1.89679  6.7761
769.76  652.623  11864  3.11059  1.25969  6.53798
1207.37  670.96  13368  5.59793  1.22173  5.7334
1236.44  670.301  -1
1186.25  672.609  -1
422.919  674.557  9142  0.0982456  1.92704  7.83083
90.5407  697.393  13542  -2.20472  2.16822  6.16541
720.925  697.634  13006  2.89306  1.46141  6.21304
17.1352  711.438  -1
56.2965  711.079  13583  -2.0678  2.20216  5.54219
70.7694  10.6085  -1
681.009  239.783  12859  2.07112  -1.48221  8.39772
634.248  250.098  -1
797.318  265.763  12691  0.708853  -3.13781  21.9062
314.059  272.672  12513  -7.62994  -2.86254  17.5588
920.086  323.346  11720  3.03474  -2.02234  23.3451
871.952  326.136  11559  2.41839  -1.66802  19.435
905.728  337.479  13009  2.67387  -1.80805  24.2687
776.421  342.747  13369  0.355483  -1.5639  21.3235
138.363  355.502  9851  -3.05161  -0.663832  7.88536
155.221  359.745  1439  -2.81531  -0.635996  7.88987
105.405  364.748  13053  -3.42399  -0.588128  7.78545
105.405  364.748  13240  -3.42399  -0.588128  7.78545
502.696  369.641  15460  0.715308  -0.489621  8.11075
502.696  369.641  11752  0.717574  -0.490733  8.10405
90.4611  387.872  12694  -3.60007  -0.364495  7.73818
1082.84  396.347  12081  5.29017  -0.248737  10.5615
331.202  449.616  13384  -0.803154  0.163637  7.97546
143.238  460.185  136  -3.05564  0.3116  7.95674
709.362  464.7  13870  2.21415  0.252535  8.59641
162.003  469.062  17212  -2.79877  0.359078  7.96286
162.003  469.062  138  -2.79892  0.355729  7.95957
249.668  487.767  8248  -1.7387  0.493331  8.01843
40.718  515.273  15467  -4.28001  0.917672  7.54914
40.718  515.273  13013  -4.06953  0.876651  7.36288
798.369  523.831  -1
34.4464  585.38  -1
34.4464  585.38  13018  -4.48968  1.63016  7.51197
1066.11  588.721  -1
1106.65  589.993  13223  5.22337  1.09328  7.78407
1263.05  602.411  -1
985.203  610.016  10814  4.35169  1.0335  6.75264
1052.83  616.714  12863  4.75554  1.06078  6.57066
964.866  633.653  10415  4.23852  1.13409  6.5511
1034.0  637.987  11936  4.64909  1.17268  6.57557
940.45  680.043  13016  4.12414  1.30513  6.11934
958.363  687.864  13543  4.22727  1.32364  6.05721
958.363  687.864  13544  4.2351  1.30575  5.99383
1086.77  705.076  11563  5.04997  1.69147  6.92397
50.0995  24.8105  -1
375.196  265.579  9332  -0.248217  -1.3047  7.68801
173.917  355.05  13713  -2.54534  -0.682734  7.86939
173.917  355.05  9810  -2.56386  -0.678627  7.89508
501.281  367.984  -1
501.281  367.984  10822  0.721784  -0.501453  8.05396
81.8342  412.255  13224  -3.8179  -0.12995  7.80521
1081.84  472.046  13889  5.09282  0.337815  8.58551
1012.63  483.967  -1
836.001  489.443  -1
787.561  509.427  13055  2.91204  0.561519  8.19702
784.688  579.367  11561  3.02366  0.965696  7.44562
34.5415  584.396  -1
809.012  593.343  13372  3.23102  1.00564  7.18235
1007.32  612.441  11149  4.49317  1.03651  6.66902
1047.37  693.394  12864  4.8124  1.71103  7.35341
955.582  698.03  11569  4.21359  1.35623  5.96661
955.582  698.03  11570  4.21359  1.35623  5.96661
1161.4  696.21  -1
804.951  243.659  12707  0.730886  -3.71021  22.7701
53.708  326.544  13875  -4.07802  -0.986013  7.59754
53.708  326.544  -1
111.544  333.833  158  -3.51157  -0.906454  7.93214
111.544  333.833  13546  -3.26562  -0.874269  7.72326
82.1306  354.303  13241  -4.01434  -0.746912  8.01217
160.687  381.514  15469  -2.79762  -0.431173  7.94777
115.622  385.039  10426  -3.38236  -0.392739  7.88834
117.968  435.906  14883  -3.16623  0.0932195  7.73417
531.78  452.806  13548  0.920483  0.161134  8.17655
114.908  464.426  14047  -2.81833  0.321778  7.34052
60.5721  477.055  11732  -4.14001  0.502167  7.7592
1186.42  488.377  17205  6.29336  0.608936  10.3208
226.718  490.065  14892  -2.02478  0.540748  8.03737
1157.84  520.316  13229  6.02532  0.890924  10.4464
906.015  585.905  13374  3.752  1.17322  8.48267
1132.16  605.597  13375  5.5187  1.3324  8.52167
757.3  625.5  17211  2.9597  1.15018  6.87627
722.65  638.479  -1
1058.04  666.608  12867  4.91546  1.66712  7.97335
981.264  693.105  11587  4.35091  1.32612  5.88856
389.828  699.584  13568  0.0671238  2.01487  7.34402
389.828  699.584  13230  0.107181  1.9983  7.26799
566.707  702.218  12874  1.34925  2.0077  7.74529
566.707  702.218  12875  1.35494  1.99614  7.77436
1209.84  157.103  -1
852.733  244.815  12100  1.46671  -3.97813  24.8321
897.11  242.039  11910  2.57778  -3.84289  23.8629
594.314  289.303  13244  1.43036  -1.09781  8.19825
594.314  289.303  11161  1.42949  -1.09985  8.20084
217.111  306.36  18351  -2.01217  -1.08682  7.86467
594.12  358.216  15075  1.43143  -0.569823  8.18321
594.12  358.216  13073  1.43798  -0.570939  8.16875
534.173  359.646  12713  0.973101  -0.564218  8.13593
434.67  365.108  15732  0.167007  -0.5353  7.98783
533.989  396.447  17426  0.916631  -0.300127  8.19963
533.989  396.447  18171  1.0064  -0.311066  7.99555
498.365  400.941  13576  0.666979  -0.257996  8.10622
498.365  400.941  13578  0.664832  -0.258545  8.10995
149.522  418.309  13556  -2.87777  -0.0995726  7.88281
149.522  418.309  15736  -2.87135  -0.100534  7.87671
437.637  429.872  15077  0.170853  -0.012604  8.03015
437.637  429.872  13064  0.17216  -0.0111921  8.02444
500.996  459.133  13697  0.677771  0.216522  8.12782
500.996  459.133  13577  0.677707  0.216485  8.12829
571.764  460.784  13560  1.14172  0.220595  8.43965
571.764  460.784  13232  1.14172  0.220595  8.43965
596.791  460.242  10827  1.41841  0.210639  8.27424
596.791  460.242  13068  1.41841  0.210639  8.27424
753.718  480.774  12104  2.50413  0.392932  9.00313
96.1731  492.963  13233  -3.53826  0.639778  7.74931
1129.09  491.618  12861  5.45929  0.476889  8.52578
370.916  670.791  11163  -0.0277602  1.78178  7.24954
854.149  675.165  11739  3.63657  1.3039  6.2301
811.321  680.109  11156  3.40784  1.33546  6.27707
811.321  680.109  -1
611.875  685.052  12872  1.64896  1.87694  7.90702
108.059  692.049  12518  -2.04826  2.10692  6.26933
666.515  262.674  13569  1.94661  -1.3088  8.38479
480.595  296.446  11765  0.54464  -1.06614  8.03613
480.595  296.446  11741  0.546105  -1.06645  8.03236
87.3826  305.772  13694  -3.93837  -1.17839  7.97332
366.893  323.399  17189  -0.461713  -0.891082  7.93866
562.065  320.888  13702  1.14426  -0.869152  8.24066
624.621  321.93  13067  1.64734  -0.837336  8.26737
183.454  394.56  13388  -2.40581  -0.3185  7.86714
108.414  413.538  17210  -3.37002  -0.12919  7.75699
1051.35  473.104  13077  4.84853  0.349177  8.68096
21.7239  487.36  -1
97.7661  493.205  13233  -3.53826  0.639778  7.74931
613.483  244.611  13567  1.58951  -1.44808  8.23301
545.36  312.082  13387  1.06906  -0.920396  8.1211
416.857  315.237  13885  -0.0624308  -0.938139  8.07621
480.385  350.405  13058  0.538298  -0.641927  8.05242
549.048  411.501  10879  1.06802  -0.166202  8.21997
367.622  471.508  11588  -0.442595  0.313786  7.94099
182.9  492.516  13059  -2.11743  0.541071  7.5257
538.125  501.258  7402  0.961195  0.526713  8.20551
624.958  499.276  13060  1.60905  0.510968  8.38646
947.014  495.536  12877  4.03898  0.534545  9.30553
787.067  561.395  11746  3.01511  0.86048  7.6352
665.493  631.486  -1
72.4532  98.8637  13382  -5.56445  -3.90633  8.85583
418.315  270.456  18342  0.00525314  -1.29985  7.99665
163.872  305.442  8445  -2.58507  -1.11497  7.73877
616.238  408.793  13066  1.59426  -0.190316  8.22855
65.0705  668.27  14382  -3.54813  2.32721  7.03379
80.7154  92.2791  -1
547.723  261.614  -1
1054.17  300.87  13887  5.14173  -1.30173  12.2743
439.321  487.499  4395  0.145452  0.442598  8.10377
101.189  564.883  -1
979.626  556.127  13383  4.32673  0.89742  8.26659
48.5  0.5  -1
48.5  0.5  -1
48.5  0.5  -1
48.5  0.5  -1
48.5  0.5  -1
48.5  0.5  -1
516.732  342.556  13049  0.463783  -0.778599  8.88425
873.482  349.863  11749  3.07361  -0.859442  12.803
873.482  349.863  11750  3.07361  -0.859442  12.803
