3.6435 -0.176793 -0.230285 0.47122 -0.0522359 0.514707
3.56271 -0.174371 -0.214604 0.463603 -0.0518268 0.514207
3.50112 -0.173204 -0.218244 0.460196 -0.0526897 0.515683
3.45585 -0.171174 -0.225677 0.457627 -0.053295 0.515552
3.42901 -0.175653 -0.240147 0.456328 -0.054246 0.513986
3.39799 -0.169431 -0.244883 0.45497 -0.054266 0.513816
3.3538 -0.163904 -0.240782 0.453014 -0.0533671 0.5159
3.27239 -0.164311 -0.21975 0.445892 -0.052963 0.514672
3.17819 -0.16489 -0.200763 0.43989 -0.051742 0.517694
3.07626 -0.146439 -0.165942 0.433561 -0.0480373 0.520382
2.93643 -0.113107 -0.156401 0.421784 -0.0448184 0.520008
2.78089 -0.103468 -0.13495 0.408561 -0.0436477 0.520832
2.63699 -0.0937007 -0.131119 0.399839 -0.0424081 0.520552
2.48228 -0.0875848 -0.0712954 0.388213 -0.0396327 0.521811
2.32966 -0.0857196 -0.0480073 0.378285 -0.0386191 0.523754
2.17845 -0.0807939 -0.0139029 0.365919 -0.0378472 0.524979
2.05045 -0.0827902 -0.009151 0.356177 -0.0365189 0.525571
1.95633 -0.0802806 0.00246365 0.348949 -0.0360273 0.525675
1.85605 -0.0853208 0.0151619 0.341062 -0.0364194 0.525833
1.75197 -0.0727823 0.0301953 0.333887 -0.0353193 0.527513
1.60873 -0.0638596 0.0957961 0.320904 -0.0323572 0.527823
1.46571 -0.0386893 0.189402 0.308464 -0.0304443 0.53049
1.31314 -0.0344208 0.279824 0.29422 -0.0297384 0.532774
1.11701 -0.044555 0.394286 0.278134 -0.0275409 0.532636
0.953913 -0.00675707 0.382736 0.26666 -0.023818 0.533839
0.814623 -0.0112831 0.410098 0.255463 -0.0260754 0.53341
0.709298 -0.0368221 0.456382 0.245557 -0.0310541 0.535361
0.607342 -0.00799213 0.53021 0.231238 -0.0417695 0.537668
0.44957 0.010212 0.527736 0.223279 -0.0363117 0.534333
0.293985 -0.0322894 0.51125 0.216287 -0.0294386 0.535456
0.144412 -0.00214903 0.478011 0.20725 -0.0264976 0.534109
-0.0249832 0.0258737 0.521542 0.196292 -0.0200925 0.53477
-0.160532 0.0376687 0.551812 0.186593 -0.0169133 0.534679
-0.254208 0.0262368 0.618487 0.177006 -0.0187089 0.534812
-0.325687 0.0358075 0.572033 0.17487 -0.0179992 0.533961
-0.369464 0.0502095 0.448114 0.179057 -0.013352 0.535561
-0.424545 0.0523625 0.423956 0.179002 -0.0185117 0.534542
-0.46619 0.0463513 0.433852 0.175404 -0.01948 0.531284
-0.519347 0.0557303 0.392087 0.173376 -0.0199732 0.532037
-0.603866 0.0623507 0.436124 0.165874 -0.0187817 0.533687
-0.677452 0.0601241 0.466945 0.157922 -0.0199604 0.534301
-0.766926 0.05743 0.493192 0.149439 -0.0235349 0.535358
-0.862145 0.0557126 0.51848 0.14057 -0.0229888 0.53459
-0.946379 0.0530856 0.524828 0.134054 -0.0233618 0.534662
-0.994072 0.0581277 0.517702 0.130332 -0.0264991 0.533941
-1.00564 0.0394011 0.524441 0.130137 -0.0294499 0.533996
-1.0044 0.0410866 0.494142 0.134261 -0.0305399 0.533199
-1.04357 0.0534276 0.49118 0.133046 -0.0295682 0.532632
-1.11263 0.0563978 0.506518 0.127028 -0.0288145 0.535758
-1.18316 0.0433661 0.531504 0.117656 -0.0285957 0.535923
-1.24322 0.0319086 0.535937 0.11195 -0.0297361 0.533463
-1.2992 0.04579 0.522216 0.109987 -0.0275805 0.534793
-1.35385 0.0458572 0.513748 0.106959 -0.0285109 0.534258
-1.43447 0.0490423 0.509943 0.101691 -0.0275969 0.536044
-1.52639 0.0471335 0.500976 0.0953492 -0.0257947 0.537434
-1.65856 0.0458479 0.495916 0.0841494 -0.0246227 0.537245
-1.78107 0.052336 0.527081 0.0700187 -0.0244065 0.537599
-1.92702 0.0213227 0.626421 0.0584322 -0.0277626 0.539199
-2.10583 0.0307964 0.727443 0.0429958 -0.0240559 0.538056
-2.28214 0.0328227 0.794445 0.0291119 -0.0230092 0.543658
-2.49057 0.0580448 0.851139 0.0123701 -0.0195318 0.539533
-2.88362 0.106466 0.918969 -0.0152399 -0.0130385 0.539667
-3.08892 0.112602 0.952354 -0.0315937 -0.0121988 0.540524
-3.25591 0.13211 0.967523 -0.0414783 -0.0162752 0.540251
-3.39152 0.137425 0.982981 -0.0516001 -0.0169655 0.540333
-3.54202 0.144806 1.00012 -0.0627366 -0.0176575 0.541379
-3.69861 0.158149 1.01747 -0.073991 -0.0158306 0.540268
-4.02676 0.182844 1.04437 -0.0986352 -0.0092913 0.543944
-4.21076 0.193212 1.03278 -0.114597 -0.00950234 0.543177
-4.39864 0.216948 1.01459 -0.132209 -0.00708476 0.540634
-5.30959 0.326316 1.27068 -0.180176 0.00948761 0.548148
